[20-india-independence-day-wallpaper.jpg]
filters=PencilSketch=1,2.511696,92.397659,59.649120;
moddate=66470dc7d804d101
width=1280
height=800
textactive=0
